url_path,views_total,views_unique
/jongpie/NebulaCacheManager,25,22
/jongpie/NebulaCacheManager/blob/main/nebula-cache-manager/recipes/classes/RecordSelector.cls,5,2
/jongpie/NebulaCacheManager/blob/main/nebula-cache-manager/core/classes/CacheManager.cls,4,2
/jongpie/NebulaCacheManager/tree/main/nebula-cache-manager,4,2
/jongpie/NebulaCacheManager/blob/main/nebula-cache-manager/core/customMetadata/CacheConfiguration.Organization.md-meta.xml,3,2
/jongpie/NebulaCacheManager/blob/main/nebula-cache-manager/core/permissionsets/CacheManagerAdmin.permissionset-meta.xml,3,2
/jongpie/NebulaCacheManager/tree/main/nebula-cache-manager/core,3,2
/jongpie/NebulaCacheManager/tree/main/nebula-cache-manager/recipes/classes,3,2
/jongpie/NebulaCacheManager/blob/main/nebula-cache-manager/core/cachePartitions/CacheManagerPartition.cachePartition-meta.xml,2,2
/jongpie/NebulaCacheManager/blob/main/nebula-cache-manager/core/customMetadata/CacheConfiguration.Session.md-meta.xml,2,2
