url_path,views_total,views_unique
/jongpie/NebulaCacheManager,13,13
/jongpie/NebulaCacheManager/activity,1,1
/jongpie/NebulaCacheManager/blob/main/README.md,1,1
/jongpie/NebulaCacheManager/issues/14,1,1
/jongpie/nebulacachemanager/tree/main/nebula-cache-manager,1,1
